Model Name,Label Category,Label Number,Biased Label Number
deepseek_r1_32b_t0,Substance label,25,9
deepseek_r1_32b_t0,Procedural label,40,13
