Model Name,Label Category,Label Number,Biased Label Number
gemini_flash15_8b_t0,Substance label,25,13
gemini_flash15_8b_t0,Procedural label,40,21
